return {Properties={Looped=true};[0]={['HumanoidRootPart']={CFrame.new(0, 0, 0, 1, 0, 0, 0, 1, 0, 0, 0, 1), 'Linear','In'};['Torso']={CFrame.new(0, 0, -0.203988314, 0.962769866, -0.270322353, -8.41680148e-08, 0.270322353, 0.962769866, -2.36323299e-08, 8.74227766e-08, 0, 1), 'Linear','In'};['Left Leg']={CFrame.new(-0.669391274, -0.0953348875, 0.222188711, 0.564466476, -0.776088417, 0.281184047, 0.782023191, 0.611823201, 0.118794426, -0.264229983, 0.152837038, 0.952272773), 'Linear','In'};['Right Leg']={CFrame.new(0.726668477, 0.0864574313, -0.126653492, 0.860012829, 0.488384753, 0.147845611, -0.508192003, 0.845904589, 0.161822021, -0.0460317768, -0.214303002, 0.975681961), 'Linear','In'};['Left Arm']={CFrame.new(-0.332815707, -0.213000894, 0.41856885, 0.497708142, 0.465806276, 0.731649578, -0.748612583, -0.195305511, 0.633589029, 0.438024849, -0.863064528, 0.251503348), 'Linear','In'};['Right Arm']={CFrame.new(-0.0285165608, 0.0251792669, 0.0898349285, 0.764081001, 0.14556244, 0.628483653, -0.436851621, 0.833602786, 0.338033885, -0.474700719, -0.532839477, 0.700529397), 'Linear','In'};['Head']={CFrame.new(8.90221372e-08, 0, 0.0182945728, 0.967878759, 0.251417667, 8.74227695e-08, -0.251417667, 0.967878759, 5.82139063e-15, -8.46146335e-08, -2.1979643e-08, 1), 'Linear','In'}};
[0.03333333507180214]={['HumanoidRootPart']={CFrame.new(0, 0, 0, 1, 0, 0, 0, 1, 0, 0, 0, 1), 'Linear','In'};['Torso']={CFrame.new(0.0155449882, 0.002506644, -0.0905845165, 0.968594611, -0.247861743, 0.0197253637, 0.24784793, 0.96879375, 0.00318072573, -0.0198981892, 0.00180805661, 0.999800384), 'Linear','In'};['Left Leg']={CFrame.new(-0.637856841, 0.0779094696, 0.183871627, 0.583544433, -0.772264123, 0.251165569, 0.679091394, 0.633657873, 0.37055698, -0.445321053, -0.0456719846, 0.894205451), 'Linear','In'};['Right Leg']={CFrame.new(0.428454518, 0.271969259, -0.129802942, 0.990000427, 0.0937677026, 0.105389111, -0.124707751, 0.930954933, 0.343177617, -0.0659335256, -0.352888942, 0.933339298), 'Linear','In'};['Left Arm']={CFrame.new(-0.371140242, -0.262498975, 0.463011742, 0.432288021, 0.661995232, 0.612282157, -0.690437436, -0.19376035, 0.696959913, 0.58002013, -0.724029958, 0.373306066), 'Linear','In'};['Right Arm']={CFrame.new(-0.0294728968, 0.0254606605, 0.0900101662, 0.800932825, 0.150443926, 0.579545796, -0.419080198, 0.832162917, 0.363148361, -0.42764309, -0.533733666, 0.729554653), 'Linear','In'};['Head']={CFrame.new(9.406358e-08, 1.39698386e-09, 0.0182937384, 0.973087788, 0.229926035, -0.0153041007, -0.229881003, 0.973207653, 0.00466174213, 0.0159659237, -0.00101816107, 0.999872088), 'Linear','In'}};
[0.06666667014360428]={['HumanoidRootPart']={CFrame.new(0, 0, 0, 1, 0, 0, 0, 1, 0, 0, 0, 1), 'Linear','In'};['Torso']={CFrame.new(0.0490279645, 0.0060017854, 0.151030302, 0.982888818, -0.173375741, 0.062212795, 0.173239678, 0.984850228, 0.00761580933, -0.0625906736, 0.00329223252, 0.998033941), 'Linear','In'};['Left Leg']={CFrame.new(-0.597333133, -0.109434843, 0.136206388, 0.546508968, -0.822063923, 0.159808308, 0.781118751, 0.569185674, 0.256673574, -0.301962644, -0.0154451411, 0.953194678), 'Linear','In'};['Right Leg']={CFrame.new(0.392146617, 0.126704693, -0.044624567, 0.984879315, 0.167235836, 0.045222003, -0.171741977, 0.976778865, 0.128093123, -0.0227500573, -0.133922771, 0.990730643), 'Linear','In'};['Left Arm']={CFrame.new(-0.427279115, -0.331412196, 0.460634351, 0.252619445, 0.953389704, 0.165019631, -0.516632617, -0.0112937149, 0.856132805, 0.81809181, -0.301530302, 0.489699244), 'Linear','In'};['Right Arm']={CFrame.new(-0.0316067003, 0.0243195891, 0.0875729322, 0.869836688, 0.1613359, 0.466213405, -0.370271385, 0.837988257, 0.400842339, -0.326011151, -0.521292984, 0.788651109), 'Linear','In'};['Head']={CFrame.new(6.70552254e-08, 2.32830644e-09, 0.0182942152, 0.985603154, 0.162016734, -0.0483430587, -0.161562443, 0.986774445, 0.0131870881, 0.0498402193, -0.00518681249, 0.998743773), 'Linear','In'}};
[0.10000000149011612]={['HumanoidRootPart']={CFrame.new(0, 0, 0, 1, 0, 0, 0, 1, 0, 0, 0, 1), 'Linear','In'};['Torso']={CFrame.new(0.0650056154, 0.00450941175, 0.263442278, 0.99418658, -0.0692032501, 0.0824872479, 0.0689662769, 0.997602582, 0.00572210411, -0.0826854855, -2.37154185e-10, 0.996575713), 'Linear','In'};['Left Leg']={CFrame.new(-0.533212483, -0.259206653, 0.101413012, 0.510684073, -0.846690893, 0.149387151, 0.845241606, 0.526224017, 0.0930313542, -0.15737994, 0.0787585825, 0.984392583), 'Linear','In'};['Right Leg']={CFrame.new(0.315282911, -0.0375646353, 0.0482949018, 0.947743177, 0.27914995, -0.154460683, -0.29455775, 0.951615751, -0.0875408947, 0.122550219, 0.128463879, 0.984113097), 'Linear','In'};['Left Arm']={CFrame.new(-0.428239733, -0.386958539, 0.41457212, 0.016373964, 0.970052958, -0.242341369, -0.447411478, 0.223862842, 0.865857124, 0.894178331, 0.0942488089, 0.437678307), 'Linear','In'};['Right Arm']={CFrame.new(-0.0305799041, 0.0230228901, 0.0857771635, 0.899687707, 0.156094715, 0.407672107, -0.33556965, 0.844606757, 0.417171746, -0.279204369, -0.512126923, 0.812262952), 'Linear','In'};['Head']={CFrame.new(6.73462637e-08, -2.12178541e-09, 0.0182942152, 0.99539417, 0.0702333823, -0.0652521253, -0.0694041401, 0.997477531, 0.0148922782, 0.0661334842, -0.0102949208, 0.997757673), 'Linear','In'}};
[0.13333334028720856]={['HumanoidRootPart']={CFrame.new(0, 0, 0, 1, 0, 0, 0, 1, 0, 0, 0, 1), 'Linear','In'};['Torso']={CFrame.new(0.0560444742, -7.20413082e-05, 0.259761095, 0.994954407, 0.0707699358, 0.0711162314, -0.0709430799, 0.997480333, -9.14089251e-05, -0.0709435195, -0.00495425705, 0.997468054), 'Linear','In'};['Left Leg']={CFrame.new(-0.45314905, -0.275597692, 0.105560184, 0.550537944, -0.807832479, 0.210510939, 0.8239066, 0.566411018, 0.0188751239, -0.134483725, 0.163049847, 0.977409244), 'Linear','In'};['Right Leg']={CFrame.new(0.145948038, -0.0897248983, 0.097219348, 0.902998805, 0.214718133, -0.37214151, -0.292437464, 0.941723943, -0.16624184, 0.314759433, 0.258944273, 0.913167179), 'Linear','In'};['Left Arm']={CFrame.new(-0.401557952, -0.398758829, 0.330163598, -0.144393727, 0.847880721, -0.510146022, -0.533237159, 0.36761415, 0.761917233, 0.833551884, 0.382044941, 0.399040282), 'Linear','In'};['Right Arm']={CFrame.new(-0.0271552429, 0.0220904946, 0.0852190256, 0.903396904, 0.138613611, 0.405783594, -0.31914854, 0.849366128, 0.420382142, -0.286388218, -0.509277344, 0.81155324), 'Linear','In'};['Head']={CFrame.new(4.71391104e-08, 1.45519152e-11, 0.0182943344, 0.994353235, -0.0976506993, -0.0415461995, 0.0980715156, 0.995145559, 0.00820879266, 0.0405429155, -0.0122369351, 0.99910289), 'Linear','In'}};
[0.1666666716337204]={['HumanoidRootPart']={CFrame.new(0, 0, 0, 1, 0, 0, 0, 1, 0, 0, 0, 1), 'Linear','In'};['Torso']={CFrame.new(0.0357087851, -0.00546951871, 0.24552846, 0.969032645, 0.242740184, 0.045311749, -0.242678553, 0.970081925, -0.00694039604, -0.0456408225, -0.0042707189, 0.998948872), 'Linear','In'};['Left Leg']={CFrame.new(-0.340676099, -0.239968181, 0.12871623, 0.642382205, -0.694788098, 0.323441625, 0.743604422, 0.667192996, -0.0436571576, -0.185465544, 0.26855728, 0.945240438), 'Linear','In'};['Right Leg']={CFrame.new(0.0227667987, -0.133713365, 0.0848224163, 0.872302353, 0.118689857, -0.474343061, -0.256239265, 0.937180638, -0.236715227, 0.416449428, 0.328032494, 0.847917795), 'Linear','In'};['Left Arm']={CFrame.new(-0.353528678, -0.36322242, 0.223554254, -0.216907203, 0.653841138, -0.724874675, -0.677727103, 0.433573872, 0.593885303, 0.702593327, 0.62008512, 0.349080503), 'Linear','In'};['Right Arm']={CFrame.new(-0.0240733363, 0.021184504, 0.0844920874, 0.905054629, 0.122882128, 0.407156169, -0.305433482, 0.853991687, 0.421198845, -0.295950234, -0.505567193, 0.810441554), 'Linear','In'};['Head']={CFrame.new(7.52042979e-08, 1.86264515e-09, 0.018294692, 0.953158379, -0.301990598, 0.0170514081, 0.301927269, 0.953310609, 0.00623646472, -0.0181386359, -0.000796054373, 0.999835193), 'Linear','In'}};
[0.20000000298023224]={['HumanoidRootPart']={CFrame.new(0, 0, 0, 1, 0, 0, 0, 1, 0, 0, 0, 1), 'Linear','In'};['Torso']={CFrame.new(0.0246954188, -0.0130928941, 0.222929955, 0.930450857, 0.365074515, 0.0313365944, -0.364718586, 0.930969596, -0.0166138858, -0.0352387279, 0.00402936712, 0.999370813), 'Linear','In'};['Left Leg']={CFrame.new(-0.273449868, -0.195239902, 0.144250274, 0.710877657, -0.582112849, 0.39471218, 0.656167388, 0.750951409, -0.0742723644, -0.253174812, 0.311795801, 0.915798008), 'Linear','In'};['Right Leg']={CFrame.new(0.0315811038, -0.152129889, 0.0650434494, 0.903208137, 0.0751975253, -0.422564089, -0.207695454, 0.938158035, -0.276987582, 0.375603199, 0.337941974, 0.862970233), 'Linear','In'};['Left Arm']={CFrame.new(-0.304554462, -0.315831482, 0.181634545, -0.221493542, 0.534433544, -0.815672457, -0.708323419, 0.486726105, 0.511249244, 0.67023778, 0.690998197, 0.270745009), 'Linear','In'};['Right Arm']={CFrame.new(-0.0231626835, 0.020412147, 0.0833956003, 0.905441523, 0.118233785, 0.407672077, -0.299860448, 0.857934356, 0.417171746, -0.300432175, -0.499969482, 0.812262952), 'Linear','In'};['Head']={CFrame.new(9.87201929e-08, 7.4505806e-09, 0.0182943344, 0.944546163, -0.32475695, 0.0486369245, 0.324988902, 0.945712149, 0.00327990763, -0.0470617078, 0.0127084451, 0.998811126), 'Linear','In'}};
[0.23333333432674408]={['HumanoidRootPart']={CFrame.new(0, 0, 0, 1, 0, 0, 0, 1, 0, 0, 0, 1), 'Linear','In'};['Torso']={CFrame.new(0.0203563832, -0.0341825858, 0.206016302, 0.904527903, 0.425631374, 0.0258306786, -0.424358338, 0.904454887, -0.0433751456, -0.0418245047, 0.0282725673, 0.998724878), 'Linear','In'};['Left Leg']={CFrame.new(-0.249850482, -0.139639378, 0.154016376, 0.762803018, -0.491590142, 0.420084119, 0.568461955, 0.819436669, -0.0733128414, -0.308192432, 0.29472512, 0.904518962), 'Linear','In'};['Right Leg']={CFrame.new(0.101180881, -0.134744406, 0.0649549961, 0.935798705, 0.0920007601, -0.340318441, -0.188948333, 0.94587338, -0.263860106, 0.297622919, 0.311222434, 0.902530491), 'Linear','In'};['Left Arm']={CFrame.new(-0.20124203, -0.26402843, 0.228578448, -0.165566847, 0.465321511, -0.869519174, -0.644838691, 0.616016626, 0.45244512, 0.7461707, 0.635609567, 0.198065311), 'Linear','In'};['Right Arm']={CFrame.new(-0.0351671427, 0.0155889988, 0.0705868006, 0.942718267, 0.179509923, 0.281173319, -0.280589253, 0.882558227, 0.377307087, -0.180421472, -0.434588492, 0.882372379), 'Linear','In'};['Head']={CFrame.new(1.04308128e-07, 1.11758709e-08, 0.018294692, 0.966051221, -0.255363971, 0.0391703546, 0.254982203, 0.966836572, 0.0145345777, -0.0415829346, -0.00405339431, 0.999126852), 'Linear','In'}};
[0.2666666805744171]={['HumanoidRootPart']={CFrame.new(0, 0, 0, 1, 0, 0, 0, 1, 0, 0, 0, 1), 'Linear','In'};['Torso']={CFrame.new(0.0141319372, -0.0657049716, 0.181369305, 0.894864559, 0.44597742, 0.017932307, -0.443157256, 0.892558277, -0.0833747312, -0.0531888753, 0.0666622669, 0.996356905), 'Linear','In'};['Left Leg']={CFrame.new(-0.27217567, -0.0568273067, 0.164089322, 0.813108385, -0.412549585, 0.410679668, 0.468662471, 0.88240248, -0.0414887629, -0.345268607, 0.226205036, 0.910835385), 'Linear','In'};['Right Leg']={CFrame.new(0.190847576, -0.0775508881, 0.0743644238, 0.949021041, 0.151547164, -0.276392072, -0.208011121, 0.95990777, -0.187905595, 0.236834377, 0.235819012, 0.942496121), 'Linear','In'};['Left Arm']={CFrame.new(-0.0321082771, -0.209901273, 0.334368348, -0.0271962862, 0.350635737, -0.936116993, -0.514160633, 0.798185408, 0.313908935, 0.857262671, 0.489851713, 0.158575356), 'Linear','In'};['Right Arm']={CFrame.new(-0.0573880076, 0.0088647604, 0.0385696888, 0.956029654, 0.292935938, -0.0139978789, -0.276726902, 0.916876376, 0.28768003, 0.0971061513, -0.271157146, 0.957624316), 'Linear','In'};['Head']={CFrame.new(1.09896064e-07, -3.16649675e-08, 0.0182943344, 0.975697219, -0.218862489, 0.0106838038, 0.21798262, 0.974432707, 0.0544479042, -0.0223272443, -0.0507957824, 0.998459518), 'Linear','In'}};
[0.30000001192092896]={['HumanoidRootPart']={CFrame.new(0, 0, 0, 1, 0, 0, 0, 1, 0, 0, 0, 1), 'Linear','In'};['Torso']={CFrame.new(0.0107538626, -0.0794967413, 0.116485119, 0.884726346, 0.46591112, 0.0136457812, -0.462359101, 0.880936086, -0.100875467, -0.0590200499, 0.082937941, 0.994805455), 'Linear','In'};['Left Leg']={CFrame.new(-0.391471207, 0.0568637252, 0.165115356, 0.8590644, -0.381211281, 0.341593772, 0.399202347, 0.916665256, 0.0190357789, -0.320383847, 0.120012097, 0.939655006), 'Linear','In'};['Right Leg']={CFrame.new(0.321677029, 0.00475561619, 0.0743298531, 0.950730085, 0.234479472, -0.202809453, -0.254738063, 0.963697314, -0.0799761936, 0.176694229, 0.127698988, 0.975946844), 'Linear','In'};['Left Arm']={CFrame.new(0.0605846047, -0.199938804, 0.406760454, 0.0749591738, 0.20797725, -0.975257277, -0.325604349, 0.929508209, 0.173194766, 0.942530096, 0.304565459, 0.137393445), 'Linear','In'};['Right Arm']={CFrame.new(-0.0724131167, 0.00986653566, 0.0205261707, 0.91721034, 0.36963135, -0.148653761, -0.32720235, 0.91176331, 0.248246372, 0.227296665, -0.179054394, 0.957222939), 'Linear','In'};['Head']={CFrame.new(7.63684511e-08, 4.09781933e-08, 0.0182944536, 0.981855273, -0.189593837, -0.00381202623, 0.18935518, 0.979137421, 0.0737193972, -0.0102442456, -0.0731035918, 0.997271776), 'Linear','In'}};
[0.3333333432674408]={['HumanoidRootPart']={CFrame.new(0, 0, 0, 1, 0, 0, 0, 1, 0, 0, 0, 1), 'Linear','In'};['Torso']={CFrame.new(0.00496997125, -0.0722245872, -0.0279877186, 0.864814997, 0.50206542, 0.0050349012, -0.499157727, 0.860802352, -0.0993020236, -0.0541901663, 0.083364673, 0.995044589), 'Linear','In'};['Left Leg']={CFrame.new(-0.6720016, 0.25377059, -0.0125215054, 0.929493189, -0.364374757, 0.0572150946, 0.3499479, 0.920219064, 0.175309077, -0.116528682, -0.142926261, 0.982849538), 'Linear','In'};['Right Leg']={CFrame.new(0.502865016, 0.151054204, 0.0406707525, 0.939410329, 0.32039842, -0.121874206, -0.310883254, 0.946090817, 0.0909060612, 0.14443025, -0.047509525, 0.988373816), 'Linear','In'};['Left Arm']={CFrame.new(0.0809684694, -0.21226868, 0.479206443, 0.136365622, 0.103928007, -0.98519206, 0.0507516079, 0.992443264, 0.111717626, 0.98935771, -0.0652344748, 0.130060673), 'Linear','In'};['Right Arm']={CFrame.new(-0.114513367, 0.00270193815, 0.0500093699, 0.872961044, 0.475325316, -0.109567478, -0.418144971, 0.84486711, 0.333698094, 0.251185, -0.245490432, 0.93629092), 'Linear','In'};['Head']={CFrame.new(7.54371285e-08, 3.86498868e-08, 0.018294096, 0.988189459, -0.152803436, -0.0115227364, 0.153235704, 0.985719025, 0.0698353499, 0.000687125081, -0.070776321, 0.997491956), 'Linear','In'}};
[0.36666667461395264]={['HumanoidRootPart']={CFrame.new(0, 0, 0, 1, 0, 0, 0, 1, 0, 0, 0, 1), 'Linear','In'};['Torso']={CFrame.new(-0.00510497577, -0.0555400401, -0.217747688, 0.843840599, 0.536488056, -0.0106613412, -0.534967124, 0.839570165, -0.094510138, -0.0417526141, 0.0854549557, 0.995466828), 'Linear','In'};['Left Leg']={CFrame.new(-0.814986706, 0.364865661, -0.38510108, 0.926494479, -0.261494368, -0.270608187, 0.360296696, 0.823954821, 0.437361032, 0.108601406, -0.502711892, 0.85760504), 'Linear','In'};['Right Leg']={CFrame.new(0.582516909, 0.32841599, -0.0332143903, 0.934337854, 0.341642559, -0.101455331, -0.296832293, 0.903552115, 0.30900532, 0.197239518, -0.258600205, 0.945633471), 'Linear','In'};['Left Arm']={CFrame.new(0.0912806988, -0.179400682, 0.576777577, 0.215574458, 0.051289089, -0.975139618, 0.541587114, 0.824669957, 0.163103685, 0.812533736, -0.56328398, 0.150000259), 'Linear','In'};['Right Arm']={CFrame.new(-0.183815181, -0.0129183829, 0.113291979, 0.803198636, 0.595390677, -0.0195482578, -0.509176552, 0.70318681, 0.496253401, 0.309210658, -0.38863644, 0.867957652), 'Linear','In'};['Head']={CFrame.new(1.13621354e-07, -5.58793545e-08, 0.0182942152, 0.992266178, -0.121298715, -0.0263535604, 0.122766562, 0.990370333, 0.063992843, 0.0183375292, -0.0667332634, 0.997602403), 'Linear','In'}};
[0.4000000059604645]={['HumanoidRootPart']={CFrame.new(0, 0, 0, 1, 0, 0, 0, 1, 0, 0, 0, 1), 'Linear','In'};['Torso']={CFrame.new(-0.00883476809, -0.0463241041, -0.296382904, 0.835684121, 0.548939288, -0.0172542445, -0.548073769, 0.831522882, -0.090470165, -0.0353153348, 0.0850610808, 0.995749712), 'Linear','In'};['Left Leg']={CFrame.new(-0.805915356, 0.356716156, -0.491539776, 0.914403558, -0.205224097, -0.348925978, 0.373524547, 0.759997487, 0.531867743, 0.156030759, -0.616674185, 0.771600544), 'Linear','In'};['Right Leg']={CFrame.new(0.577371836, 0.394161701, -0.0679450035, 0.93665421, 0.33167848, -0.112554044, -0.264033943, 0.87977761, 0.395319402, 0.230141565, -0.340559542, 0.911621749), 'Linear','In'};['Left Arm']={CFrame.new(0.101167336, -0.149484456, 0.611511469, 0.318838626, 0.000822752714, -0.947808683, 0.701755404, 0.671964109, 0.236650646, 0.63708812, -0.74058336, 0.213670745), 'Linear','In'};['Right Arm']={CFrame.new(-0.213112071, -0.0184051394, 0.141631007, 0.771401525, 0.635730863, 0.028039515, -0.537780046, 0.627723873, 0.562810063, 0.340194523, -0.449231684, 0.826110601), 'Linear','In'};['Head']={CFrame.new(7.07805157e-08, 4.00468707e-08, 0.0182945728, 0.993327081, -0.110471196, -0.0331302322, 0.112394243, 0.991648316, 0.0632557645, 0.0258655921, -0.0665572882, 0.997447312), 'Linear','In'}};
[0.4333333373069763]={['HumanoidRootPart']={CFrame.new(0, 0, 0, 1, 0, 0, 0, 1, 0, 0, 0, 1), 'Linear','In'};['Torso']={CFrame.new(-0.00434712693, -0.0393373221, -0.280789852, 0.854403198, 0.519468069, -0.0121777942, -0.518693745, 0.851269066, -0.0793586224, -0.0308576953, 0.0741207972, 0.996771753), 'Linear','In'};['Left Leg']={CFrame.new(-0.804841697, 0.38338542, -0.496064603, 0.919788659, -0.177003413, -0.350226581, 0.344225019, 0.792444706, 0.503528178, 0.188408852, -0.583696365, 0.789810598), 'Linear','In'};['Right Leg']={CFrame.new(0.573332489, 0.39258492, -0.0486799479, 0.934002995, 0.331865877, -0.132300973, -0.263720602, 0.890254736, 0.371346027, 0.241018683, -0.311947912, 0.919020474), 'Linear','In'};['Left Arm']={CFrame.new(0.0814298689, -0.137369931, 0.559998512, 0.487956524, -0.0838916525, -0.868827164, 0.672464609, 0.670729995, 0.31291002, 0.556497812, -0.736942053, 0.383701354), 'Linear','In'};['Right Arm']={CFrame.new(-0.194930568, -0.0325530767, 0.144527793, 0.838593483, 0.542923748, -0.0446644686, -0.422489494, 0.699943662, 0.575830996, 0.343894929, -0.464018017, 0.816347837), 'Linear','In'};['Head']={CFrame.new(7.82310963e-08, 5.58793545e-09, 0.0182945728, 0.996535599, -0.0802606195, -0.0217987895, 0.0814350769, 0.994885147, 0.0597661808, 0.0168904047, -0.0613342971, 0.997974396), 'Linear','In'}};
[0.46666666865348816]={['HumanoidRootPart']={CFrame.new(0, 0, 0, 1, 0, 0, 0, 1, 0, 0, 0, 1), 'Linear','In'};['Torso']={CFrame.new(0.00367673393, -0.0263098478, -0.22430563, 0.900340855, 0.435179651, -0.00225020153, -0.434565097, 0.898769617, -0.058021836, -0.0232275035, 0.0532172956, 0.998312771), 'Linear','In'};['Left Leg']={CFrame.new(-0.763150811, 0.44404304, -0.437970161, 0.94195509, -0.0903011709, -0.323367327, 0.224211052, 0.886091471, 0.405673862, 0.249900207, -0.454629123, 0.85490483), 'Linear','In'};['Right Leg']={CFrame.new(0.523379326, 0.365892529, 0.0107929707, 0.929264486, 0.314638138, -0.193572879, -0.249306589, 0.920817852, 0.299901158, 0.272605747, -0.230428547, 0.934124708), 'Linear','In'};['Left Arm']={CFrame.new(0.0269338042, -0.116781294, 0.418834209, 0.694435477, -0.202587128, -0.690447688, 0.587329328, 0.713930786, 0.381244034, 0.41569674, -0.670269549, 0.614764214), 'Linear','In'};['Right Arm']={CFrame.new(-0.139710024, -0.0561069548, 0.153356433, 0.939483047, 0.261051685, -0.221863925, -0.0946536511, 0.820173919, 0.564229965, 0.32926023, -0.509084344, 0.795249045), 'Linear','In'};['Head']={CFrame.new(9.48784873e-08, -5.23868948e-09, 0.0182944536, 0.999896526, -0.0140430462, 0.00314220041, 0.0138825784, 0.998829663, 0.0463309549, -0.00378915318, -0.046282541, 0.998921216), 'Linear','In'}};
[0.5]={['HumanoidRootPart']={CFrame.new(0, 0, 0, 1, 0, 0, 0, 1, 0, 0, 0, 1), 'Linear','In'};['Torso']={CFrame.new(0.00902085472, -0.0189366192, -0.136217833, 0.939371467, 0.342871666, 0.00450156955, -0.342309207, 0.938439965, -0.0464199036, -0.0201405194, 0.0420646071, 0.998911858), 'Linear','In'};['Left Leg']={CFrame.new(-0.657473803, 0.422577977, -0.271291196, 0.968648672, 0.0133325541, -0.248076588, 0.0512593016, 0.96634686, 0.252084106, 0.243088901, -0.256897181, 0.935367167), 'Linear','In'};['Right Leg']={CFrame.new(0.411861688, 0.291840911, 0.068710804, 0.922028542, 0.280570209, -0.266727656, -0.224963084, 0.94905448, 0.220652118, 0.315047532, -0.143443733, 0.938173294), 'Linear','In'};['Left Arm']={CFrame.new(0.00875774771, -0.103556603, 0.289215446, 0.815586269, -0.295272052, -0.497627735, 0.514127791, 0.764394104, 0.389068544, 0.265502632, -0.573163271, 0.775237024), 'Linear','In'};['Right Arm']={CFrame.new(-0.0840501711, -0.0588982105, 0.161498547, 0.939493775, -0.0230620392, -0.341789126, 0.206393495, 0.834420681, 0.51102227, 0.273410648, -0.550645351, 0.788692951), 'Linear','In'};['Head']={CFrame.new(8.84756446e-08, -1.25728548e-08, 0.0182943344, 0.999670804, 0.0195453949, 0.0166210011, -0.0201778542, 0.999044299, 0.0387738608, -0.0158472694, -0.0390964672, 0.999109805), 'Linear','In'}};
[0.5333333611488342]={['HumanoidRootPart']={CFrame.new(0, 0, 0, 1, 0, 0, 0, 1, 0, 0, 0, 1), 'Linear','In'};['Torso']={CFrame.new(0.00225056149, -0.012247622, 0.0133397579, 0.967809677, 0.251482099, 0.0100622931, -0.250816822, 0.967021227, -0.0442815758, -0.0208664723, 0.0403323472, 0.998968422), 'Linear','In'};['Left Leg']={CFrame.new(-0.527067304, 0.317240179, -0.107306421, 0.978826106, 0.123804338, -0.163009316, -0.116536587, 0.991746962, 0.0534544401, 0.168281764, -0.0333260857, 0.98517549), 'Linear','In'};['Right Leg']={CFrame.new(0.367067486, 0.180492342, 0.0866544247, 0.924111307, 0.280557185, -0.259434342, -0.255457044, 0.958496869, 0.126592711, 0.284183383, -0.050711479, 0.957427859), 'Linear','In'};['Left Arm']={CFrame.new(0.0501664206, -0.0994579196, 0.178346992, 0.86729151, -0.386834592, -0.313312292, 0.481311828, 0.812286437, 0.329438359, 0.127061114, -0.436519951, 0.890677273), 'Linear','In'};['Right Arm']={CFrame.new(-0.0202360824, -0.181193054, 0.202563643, 0.912845194, -0.340885907, -0.224745169, 0.408283919, 0.756372631, 0.511081934, -0.00422954699, -0.558298528, 0.829629421), 'Linear','In'};['Head']={CFrame.new(8.47503543e-08, 1.0477379e-08, 0.0182945728, 0.999897361, -0.0049177655, 0.013458441, 0.00439084321, 0.999233246, 0.0389056802, -0.0136394566, -0.0388425998, 0.999152243), 'Linear','In'}};
[0.5666666626930237]={['HumanoidRootPart']={CFrame.new(0, 0, 0, 1, 0, 0, 0, 1, 0, 0, 0, 1), 'Linear','In'};['Torso']={CFrame.new(-0.0167112574, -0.000562280416, 0.201040268, 0.988512099, 0.150261998, 0.0162840821, -0.149449602, 0.987832129, -0.0430408716, -0.0225533471, 0.0401127748, 0.998940587), 'Linear','In'};['Left Leg']={CFrame.new(-0.366346419, 0.123019934, 0.044649601, 0.978188396, 0.207638174, 0.00581689877, -0.201004565, 0.953257501, -0.225604445, -0.0523891449, 0.219514415, 0.974201739), 'Linear','In'};['Right Leg']={CFrame.new(0.429788589, 0.0598100424, 0.0598279238, 0.939429104, 0.309275299, -0.147722483, -0.312670231, 0.949861765, 0.000252725586, 0.140394107, 0.0459509119, 0.989028871), 'Linear','In'};['Left Arm']={CFrame.new(0.11854627, -0.0958977342, 0.0729420185, 0.866474152, -0.479505271, -0.138914585, 0.499138236, 0.837210894, 0.223470226, 0.00914561003, -0.262968808, 0.964761078), 'Linear','In'};['Right Arm']={CFrame.new(0.0636924431, -0.448324084, 0.269324064, 0.692456901, -0.701178968, 0.169857338, 0.470078707, 0.617098689, 0.631043017, -0.547292829, -0.357123822, 0.756923497), 'Linear','In'};['Head']={CFrame.new(9.2186383e-08, -3.2448952e-08, 0.0182936192, 0.998130858, -0.0611128695, -9.92085697e-05, 0.0610713474, 0.997390926, 0.038493488, -0.00225349702, -0.0384276137, 0.999258935), 'Linear','In'}};
[0.6000000238418579]={['HumanoidRootPart']={CFrame.new(0, 0, 0, 1, 0, 0, 0, 1, 0, 0, 0, 1), 'Linear','In'};['Torso']={CFrame.new(-0.0251984522, 0.00503453612, 0.277702332, 0.997520268, 0.0675776377, 0.0196661837, -0.0667003095, 0.996876597, -0.0422884338, -0.0224625114, 0.0408718325, 0.998911858), 'Linear','In'};['Left Leg']={CFrame.new(-0.235308304, -0.0302926302, 0.0947005749, 0.956928015, 0.234449476, 0.171237424, -0.152061105, 0.907181025, -0.392300904, -0.247318149, 0.349365205, 0.903757691), 'Linear','In'};['Right Leg']={CFrame.new(0.433978707, 0.00782155991, 0.053301096, 0.93863678, 0.320674807, -0.12699905, -0.329793304, 0.942253828, -0.0582603477, 0.100982808, 0.096568726, 0.990190446), 'Linear','In'};['Left Arm']={CFrame.new(0.154861733, -0.0898528993, 0.0332916975, 0.835909486, -0.545069158, -0.0644605458, 0.547045648, 0.817808211, 0.178691894, -0.0446830876, -0.18463318, 0.981791317), 'Linear','In'};['Right Arm']={CFrame.new(0.115424283, -0.5805462, 0.327496648, 0.40098393, -0.799557447, 0.447123826, 0.383214742, 0.589726448, 0.710893273, -0.832080781, -0.113712408, 0.542873085), 'Linear','In'};['Head']={CFrame.new(8.89413059e-08, -2.82307155e-08, 0.0182942152, 0.996448696, -0.0833426043, -0.0120028211, 0.0837346092, 0.995798945, 0.0370560288, 0.00886404887, -0.0379294902, 0.999241114), 'Linear','In'}};
[0.6333333253860474]={['HumanoidRootPart']={CFrame.new(0, 0, 0, 1, 0, 0, 0, 1, 0, 0, 0, 1), 'Linear','In'};['Torso']={CFrame.new(-0.0248819813, 0.00517868996, 0.250983953, 0.999667048, 0.0162263289, 0.02006777, -0.015370179, 0.998994946, -0.0421055034, -0.0207308214, 0.0417830311, 0.998911619), 'Linear','In'};['Left Leg']={CFrame.new(-0.137889698, -0.0783385038, 0.102488399, 0.924212396, 0.242624074, 0.294898331, -0.106001616, 0.904875815, -0.412266493, -0.366872072, 0.349762022, 0.862015963), 'Linear','In'};['Right Leg']={CFrame.new(0.402661622, 0.00349718332, 0.0758146048, 0.927411258, 0.328378677, -0.179097444, -0.342980057, 0.937618077, -0.0568948165, 0.149242014, 0.114191718, 0.982184947), 'Linear','In'};['Left Arm']={CFrame.new(0.169630736, -0.0794237256, 0.0313127041, 0.782284319, -0.620457053, -0.055357337, 0.619097352, 0.764573157, 0.179294243, -0.0689196736, -0.174530685, 0.982236803), 'Linear','In'};['Right Arm']={CFrame.new(0.197041154, -0.541151226, 0.389579535, 0.19773607, -0.726865411, 0.657698333, 0.38787815, 0.674203038, 0.628490865, -0.900250494, 0.13083142, 0.415249527), 'Linear','In'};['Head']={CFrame.new(8.16653483e-08, 2.28756107e-08, 0.0182948112, 0.998384178, -0.053711541, -0.0185508244, 0.0541465059, 0.998249352, 0.0237990934, 0.0172400605, -0.0247650985, 0.999544621), 'Linear','In'}};
[0.6666666865348816]={['HumanoidRootPart']={CFrame.new(0, 0, 0, 1, 0, 0, 0, 1, 0, 0, 0, 1), 'Linear','In'};['Torso']={CFrame.new(-0.0255204439, 0.00488181412, 0.167454243, 0.99970144, -0.0150474533, 0.0192576125, 0.0158548206, 0.998971403, -0.042482242, -0.0185985565, 0.0427748822, 0.998911619), 'Linear','In'};['Left Leg']={CFrame.new(-0.0737299919, -0.0466136932, 0.103333592, 0.895355284, 0.234715939, 0.378480196, -0.103271291, 0.936103046, -0.336223334, -0.433213502, 0.261953264, 0.862384319), 'Linear','In'};['Right Leg']={CFrame.new(0.410937995, 0.00771898031, 0.0946147442, 0.914158523, 0.346940815, -0.20963344, -0.365297198, 0.929261684, -0.0550514795, 0.175704792, 0.126904279, 0.976229131), 'Linear','In'};['Left Arm']={CFrame.new(0.186466604, -0.0644097626, 0.0297580957, 0.705377519, -0.706395626, -0.058718428, 0.703709602, 0.687932491, 0.177599922, -0.0850614905, -0.166595712, 0.982349455), 'Linear','In'};['Right Arm']={CFrame.new(0.303090513, -0.409557998, 0.446149588, 0.0639553219, -0.507571518, 0.859232783, 0.529386044, 0.74712348, 0.401941657, -0.845966995, 0.429159462, 0.316483796), 'Linear','In'};['Head']={CFrame.new(9.60426405e-08, 6.81029633e-09, 0.0182945728, 0.999675572, 0.00882069953, -0.0238943435, -0.00886332523, 0.999959409, -0.00167858391, 0.0238785632, 0.00188982487, 0.999713063), 'Linear','In'}};
[0.699999988079071]={['HumanoidRootPart']={CFrame.new(0, 0, 0, 1, 0, 0, 0, 1, 0, 0, 0, 1), 'Linear','In'};['Torso']={CFrame.new(-0.0251984522, 0.00503453612, 0.0594923496, 0.997568011, -0.0668678135, 0.0196661837, 0.0676508471, 0.996812463, -0.0422884487, -0.0167757627, 0.0435160361, 0.998911858), 'Linear','In'};['Left Leg']={CFrame.new(-0.186450899, 0.0791956186, 0.118992805, 0.937625468, 0.147099197, 0.314992487, -0.0878047124, 0.97689724, -0.194839105, -0.336376071, 0.155028269, 0.928879738), 'Linear','In'};['Right Leg']={CFrame.new(0.424680412, 0.0143374801, 0.129849195, 0.887817323, 0.378889799, -0.261195213, -0.40515551, 0.91269964, -0.0531841405, 0.218241885, 0.153042391, 0.963819802), 'Linear','In'};['Left Arm']={CFrame.new(0.194719791, -0.0554102957, 0.0296398401, 0.659967303, -0.748523831, -0.0644605085, 0.745594084, 0.641995907, 0.178691849, -0.0923717469, -0.165992185, 0.981791317), 'Linear','In'};['Right Arm']={CFrame.new(0.33934626, -0.278316259, 0.472166896, 0.060947828, -0.361106366, 0.930530846, 0.57540369, 0.774477541, 0.262859702, -0.815595508, 0.519410074, 0.254984647), 'Linear','In'};['Head']={CFrame.new(8.54488462e-08, 3.73111106e-08, 0.0182944536, 0.997823775, 0.0590555444, -0.0293307304, -0.0594411157, 0.998154163, -0.0124526611, 0.0285411887, 0.0141689964, 0.999492288), 'Linear','In'}};
[0.7333333492279053]={['HumanoidRootPart']={CFrame.new(0, 0, 0, 1, 0, 0, 0, 1, 0, 0, 0, 1), 'Linear','In'};['Torso']={CFrame.new(-0.0226918608, 0.00640100986, -0.0970733166, 0.988015532, -0.15265432, 0.0228468776, 0.153484404, 0.987318635, -0.040554516, -0.0163663235, 0.0435751341, 0.99891609), 'Linear','In'};['Left Leg']={CFrame.new(-0.486888111, 0.291602015, 0.0415861607, 0.990207851, -0.0659381971, 0.123046927, 0.0609049052, 0.997163117, 0.0442318916, -0.125614524, -0.0363046415, 0.991414607), 'Linear','In'};['Right Leg']={CFrame.new(0.475292742, 0.0949811339, 0.175548315, 0.851433992, 0.421679109, -0.311844319, -0.440595567, 0.897640407, 0.0108329421, 0.284492105, 0.12817359, 0.950071573), 'Linear','In'};['Left Arm']={CFrame.new(0.173142597, -0.119887948, 0.145121574, 0.722971439, -0.657477438, -0.212216467, 0.680199921, 0.623588979, 0.385311306, -0.120997638, -0.422918737, 0.898053169), 'Linear','In'};['Right Arm']={CFrame.new(0.26807946, -0.18035844, 0.451762438, 0.242311314, -0.32433027, 0.914382458, 0.315012366, 0.917708039, 0.242031515, -0.917634189, 0.22939463, 0.324539065), 'Linear','In'};['Head']={CFrame.new(9.49949026e-08, 1.57160684e-09, 0.0182944536, 0.995360672, 0.0904633701, -0.032767348, -0.0908280089, 0.995818317, -0.00981247425, 0.0317426547, 0.0127431285, 0.999414921), 'Linear','In'}};
[0.7666666507720947]={['HumanoidRootPart']={CFrame.new(0, 0, 0, 1, 0, 0, 0, 1, 0, 0, 0, 1), 'Linear','In'};['Torso']={CFrame.new(-0.0187476277, 0.00893595815, -0.284616947, 0.965826333, -0.257689238, 0.0278518219, 0.25861448, 0.965258837, -0.0373378545, -0.0172626525, 0.0432647727, 0.99891448), 'Linear','In'};['Left Leg']={CFrame.new(-0.705197513, 0.34596467, -0.140524566, 0.953831613, -0.297154397, -0.0436416864, 0.295352519, 0.901654899, 0.315888107, -0.0545178391, -0.314193785, 0.947792351), 'Linear','In'};['Right Leg']={CFrame.new(0.563821554, 0.296207547, 0.131997108, 0.856259584, 0.431719214, -0.283615917, -0.393728822, 0.900898635, 0.182645693, 0.334360957, -0.0447244085, 0.941383302), 'Linear','In'};['Left Arm']={CFrame.new(0.0935757458, -0.224053919, 0.370792031, 0.865643024, -0.292187542, -0.406557113, 0.497548789, 0.411634326, 0.76354599, -0.0557458475, -0.863240182, 0.501705945), 'Linear','In'};['Right Arm']={CFrame.new(0.0934175849, -0.0536851585, 0.412750959, 0.58213371, -0.132519901, 0.802221179, -0.268145144, 0.900144279, 0.343276083, -0.767605722, -0.41494444, 0.488469809), 'Linear','In'};['Head']={CFrame.new(9.31322575e-08, 1.07102096e-08, 0.0182948112, 0.993088484, 0.112477794, -0.0335274599, -0.112740383, 0.99360615, -0.00603931164, 0.0326337963, 0.00977747422, 0.99941963), 'Linear','In'}};
[0.800000011920929]={['HumanoidRootPart']={CFrame.new(0, 0, 0, 1, 0, 0, 0, 1, 0, 0, 0, 1), 'Linear','In'};['Torso']={CFrame.new(-0.0164157525, 0.0107697248, -0.359943867, 0.937831104, -0.345721751, 0.0308107976, 0.346686333, 0.937327504, -0.0350109488, -0.0167757608, 0.0435160361, 0.998911858), 'Linear','In'};['Left Leg']={CFrame.new(-0.709704399, 0.252062261, -0.189070821, 0.906832695, -0.401543826, -0.12812908, 0.415176332, 0.798551977, 0.435825109, -0.0726851374, -0.44841662, 0.890864372), 'Linear','In'};['Right Leg']={CFrame.new(0.636503577, 0.418879628, -0.0571236014, 0.929580986, 0.349333107, -0.117667183, -0.28941825, 0.889363527, 0.353934467, 0.228289992, -0.29495573, 0.927838862), 'Linear','In'};['Left Arm']={CFrame.new(0.0447072908, -0.261937857, 0.455738902, 0.897200406, -0.061832808, -0.437273651, 0.437621534, 0.257481396, 0.861504972, 0.0593205392, -0.964302957, 0.25807187), 'Linear','In'};['Right Arm']={CFrame.new(-0.0107155591, 0.025542438, 0.387958527, 0.721935272, 0.072021462, 0.688202322, -0.510200799, 0.727271318, 0.459098607, -0.467444837, -0.68256104, 0.561788201), 'Linear','In'};['Head']={CFrame.new(9.49949026e-08, -4.65661287e-10, 0.0182943344, 0.992068946, 0.120883845, -0.0344431438, -0.121072687, 0.992637753, -0.0034402085, 0.0337737054, 0.00758302771, 0.999400795), 'Linear','In'}};
[0.8333333134651184]={['HumanoidRootPart']={CFrame.new(0, 0, 0, 1, 0, 0, 0, 1, 0, 0, 0, 1), 'Linear','In'};['Torso']={CFrame.new(-0.016415745, 0.0107697174, -0.359943867, 0.91552633, -0.401076406, 0.0308107976, 0.402009189, 0.914966047, -0.0350109562, -0.0141487652, 0.0444396771, 0.998911858), 'Linear','In'};['Left Leg']={CFrame.new(-0.651349664, 0.186980903, -0.180519104, 0.886049867, -0.429573804, -0.174304336, 0.459448725, 0.763557434, 0.453747749, -0.06182684, -0.482126921, 0.873917043), 'Linear','In'};['Right Leg']={CFrame.new(0.595655084, 0.443764746, -0.313089788, 0.983637035, 0.0607964285, 0.169593751, -0.142137796, 0.840296805, 0.523161769, -0.110702492, -0.538706839, 0.835188508), 'Linear','In'};['Left Arm']={CFrame.new(0.0371474326, -0.265060574, 0.455211878, 0.884541094, -0.0232436899, -0.465882957, 0.453866035, 0.273421079, 0.848084033, 0.107669562, -0.961613595, 0.252401829), 'Linear','In'};['Right Arm']={CFrame.new(-0.0259232968, 0.0366566181, 0.396590352, 0.765312254, 0.149649128, 0.626021147, -0.543856204, 0.670541465, 0.504573822, -0.34426406, -0.726621926, 0.5945611), 'Linear','In'};['Head']={CFrame.new(8.1025064e-08, -1.90921128e-08, 0.0182943344, 0.993712425, 0.105884023, -0.0363894179, -0.10608542, 0.994350374, -0.00364373066, 0.0357980281, 0.00748118106, 0.999331057), 'Linear','In'}};
[0.8666666746139526]={['HumanoidRootPart']={CFrame.new(0, 0, 0, 1, 0, 0, 0, 1, 0, 0, 0, 1), 'Linear','In'};['Torso']={CFrame.new(-0.0164178461, 0.0107713714, -0.359943867, 0.934549153, -0.354498148, 0.0308081433, 0.355457842, 0.934036493, -0.0350088589, -0.0163653549, 0.0436684936, 0.998912036), 'Linear','In'};['Left Leg']={CFrame.new(-0.646457255, 0.191184163, -0.146511316, 0.880987167, -0.457197309, -0.121787913, 0.459832728, 0.76673913, 0.447956413, -0.11142496, -0.450645834, 0.885721624), 'Linear','In'};['Right Leg']={CFrame.new(0.61075902, 0.45403105, -0.312991142, 0.984419286, 0.0601715483, 0.165221229, -0.136794105, 0.852451503, 0.504592955, -0.110480897, -0.51933229, 0.847400784), 'Linear','In'};['Left Arm']={CFrame.new(0.0363678262, -0.271324873, 0.453334451, 0.878192723, -0.0192640815, -0.477919102, 0.460330665, 0.305397987, 0.833563328, 0.129897654, -0.952029943, 0.277066201), 'Linear','In'};['Right Arm']={CFrame.new(-0.034582153, 0.0421664119, 0.399491668, 0.790759563, 0.193847567, 0.580622375, -0.549619317, 0.642418742, 0.534056902, -0.269477159, -0.741432011, 0.614541173), 'Linear','In'};['Head']={CFrame.new(9.12696123e-08, 1.16415322e-08, 0.0182949305, 0.998010397, 0.0544579662, -0.031774275, -0.054568816, 0.998506546, -0.00263226498, 0.0315834656, 0.00436091283, 0.999491692), 'Linear','In'}};
[0.8999999761581421]={['HumanoidRootPart']={CFrame.new(0, 0, 0, 1, 0, 0, 0, 1, 0, 0, 0, 1), 'Linear','In'};['Torso']={CFrame.new(-0.0164157525, 0.0107697174, -0.359943867, 0.968745291, -0.246137097, 0.0308107957, 0.247148916, 0.968344808, -0.0350109451, -0.0212179851, 0.0415315367, 0.998911858), 'Linear','In'};['Left Leg']={CFrame.new(-0.633625865, 0.201138139, -0.0779605508, 0.863042355, -0.504878521, -0.0159935076, 0.461013228, 0.774328053, 0.433454573, -0.206457675, -0.381462842, 0.901033461), 'Linear','In'};['Right Leg']={CFrame.new(0.638497472, 0.483460009, -0.303107858, 0.98717916, 0.0498455614, 0.151633635, -0.113444522, 0.887385726, 0.446852237, -0.112283796, -0.458325267, 0.881663382), 'Linear','In'};['Left Arm']={CFrame.new(0.0352416709, -0.282405376, 0.449429631, 0.87386173, -0.0135157052, -0.48598671, 0.457345486, 0.361955255, 0.812295198, 0.164926693, -0.932097495, 0.322480291), 'Linear','In'};['Right Arm']={CFrame.new(-0.0461727232, 0.043686986, 0.397292256, 0.844933391, 0.253011584, 0.471246183, -0.512594819, 0.634653986, 0.578325689, -0.152755141, -0.730205119, 0.665932834), 'Linear','In'};['Head']={CFrame.new(9.03382897e-08, 2.56113708e-09, 0.018294096, 0.999589264, -0.0157412458, -0.0239509959, 0.0157600902, 0.999875665, 0.000599044084, 0.0239385832, -0.000976265525, 0.999713004), 'Linear','In'}};
[0.9333333373069763]={['HumanoidRootPart']={CFrame.new(0, 0, 0, 1, 0, 0, 0, 1, 0, 0, 0, 1), 'Linear','In'};['Torso']={CFrame.new(-0.0130321831, 0.00696212053, -0.205869198, 0.992525399, -0.11807619, 0.0308446605, 0.119132526, 0.992261171, -0.0350022018, -0.0264730342, 0.0384151749, 0.998911142), 'Linear','In'};['Left Leg']={CFrame.new(-0.637401283, 0.16005373, -0.0124596953, 0.84053719, -0.539412022, 0.050320603, 0.494958431, 0.802376986, 0.333477467, -0.220257834, -0.255393565, 0.941414237), 'Linear','In'};['Right Leg']={CFrame.new(0.646463871, 0.45105648, -0.270896494, 0.980272114, 0.00340628391, 0.197623476, -0.0685359165, 0.943676591, 0.323693424, -0.185389876, -0.330851942, 0.925293326), 'Linear','In'};['Left Arm']={CFrame.new(0.0108697116, -0.322776973, 0.455933332, 0.898872435, 0.106682956, -0.425026059, 0.336504579, 0.453247309, 0.825428128, 0.280700922, -0.884977818, 0.371512264), 'Linear','In'};['Right Arm']={CFrame.new(-0.0451423451, 0.0298551917, 0.318464994, 0.915578544, 0.358681232, 0.181834191, -0.396208435, 0.727221966, 0.560506046, 0.0688091069, -0.585231662, 0.807941377), 'Linear','In'};['Head']={CFrame.new(8.80099833e-08, 2.56113708e-08, 0.0182945728, 0.999227226, -0.0348561406, -0.0181705784, 0.0349422283, 0.999379575, 0.00444347551, 0.018004423, -0.00507495739, 0.999825001), 'Linear','In'}};
[0.9666666388511658]={['HumanoidRootPart']={CFrame.new(0, 0, 0, 1, 0, 0, 0, 1, 0, 0, 0, 1), 'Linear','In'};['Torso']={CFrame.new(-0.00582294911, -0.00119103491, 0.123832226, 0.998899698, 0.035300903, 0.0308775753, -0.0342158414, 0.998801768, -0.0349903516, -0.0320757739, 0.0338953473, 0.998910546), 'Linear','In'};['Left Leg']={CFrame.new(-0.569657862, 0.0700062513, 0.0638823509, 0.84865129, -0.511644363, 0.134205654, 0.494643509, 0.857526124, 0.141338855, -0.187400118, -0.0535634011, 0.980822206), 'Linear','In'};['Right Leg']={CFrame.new(0.552267253, 0.276133895, -0.146490693, 0.975789964, -0.0600229315, 0.210312605, 0.0388531685, 0.993882298, 0.103384852, -0.215231374, -0.0927106068, 0.972152352), 'Linear','In'};['Left Arm']={CFrame.new(-0.05390938, -0.392318279, 0.462879062, 0.876827717, 0.401132315, -0.265077561, 0.0151688345, 0.527967095, 0.849129379, 0.480565369, -0.748561084, 0.456851542), 'Linear','In'};['Right Arm']={CFrame.new(-0.00117481314, 0.00706619024, 0.147301793, 0.895808339, 0.371624291, -0.243768305, -0.269776314, 0.890548825, 0.366255939, 0.353197128, -0.26233238, 0.898016572), 'Linear','In'};['Head']={CFrame.new(7.18282536e-08, -1.98488124e-08, 0.0182943344, 0.999369621, -0.0331287421, -0.0127624329, 0.0332460664, 0.999405861, 0.00909288414, 0.0124536147, -0.00951145496, 0.999877274), 'Linear','In'}};
